.Random.seed <-
c(403L, 12L, 1520010631L, 1808090973L, -668579500L, -481735814L, 
1657105093L, 422231071L, -500790362L, 1055296816L, -1481494573L, 
1093639665L, 1742793504L, 1899972030L, -1276232247L, 485040507L, 
40888138L, -616417364L, 1460666031L, -754647963L, -248894436L, 
2043036274L, -45222675L, 1910107431L, 531634510L, 1674443176L, 
1321614763L, -2059086135L, 79662808L, 2081641350L, 154797665L, 
1554399219L, 1089352290L, -807959340L, -1404049961L, -171372595L, 
1025362788L, 1395461962L, -1367566667L, 1024167439L, -225157354L, 
1614416320L, 736631171L, 1170022305L, -757411952L, 2035430510L, 
-1394261479L, -736163157L, -880062822L, -275363236L, -231844001L, 
-566236875L, 154781900L, -1939721694L, 1270754429L, -29567625L, 
1862081182L, -2127087272L, -1252196165L, -302170535L, 1681001960L, 
1664407574L, -166009967L, -1913828285L, -1298783406L, 54110180L, 
-1222683097L, -150065539L, -1374351500L, -1095310502L, -1595402843L, 
198709695L, 82008646L, 751794384L, 34444019L, 1608500241L, 1821168192L, 
344409630L, -1162407703L, 1708929563L, -1988177366L, -963136180L, 
-729344241L, -1940284859L, 776834044L, 645173842L, -1834782771L, 
-330831481L, 2048285806L, -2041256888L, 1998470731L, 239776681L, 
-1399063816L, 1919176230L, 2004264769L, 1843424467L, 2016604290L, 
-1601417548L, -1815320009L, 2045440301L, -1230126524L, -336371862L, 
504409045L, -1145950865L, 894097526L, -2005896288L, 305079395L, 
256389377L, 809106544L, -1567377394L, -1682618247L, 461359115L, 
1085417786L, -514803652L, 1495330687L, 87549141L, -1153550100L, 
-1192070590L, 87840157L, 1673547799L, 1236190590L, -1489970376L, 
-256564197L, 437386617L, 789875656L, -292644874L, 1803598385L, 
2121477219L, -47672270L, 2057744772L, 287602631L, -1639810403L, 
2096941588L, -1619449670L, -2047150843L, 723279583L, -1508646042L, 
-1259207952L, 1489478163L, -1886843983L, 430519904L, -833162242L, 
-1992889463L, 727710907L, 1544910986L, -912643220L, -1247981329L, 
-401474779L, -1593350692L, -2063727694L, 1382410925L, 1462288999L, 
-670703218L, 307734120L, 428216939L, -1604621303L, 626102936L, 
749020614L, 507733281L, -558561869L, -2119790302L, -981210348L, 
1881805719L, -885679219L, -458594652L, 1529972874L, 391573237L, 
-1640369841L, 234372694L, 62104832L, -1969356733L, 2147038177L, 
1280871248L, 1285283246L, -1198705831L, 1910962539L, -1289674534L, 
1614563740L, -700525153L, 1578215413L, 297936524L, 743363426L, 
1699248957L, 106064823L, -1565908898L, -1680540264L, -350541573L, 
-1982417767L, 187602216L, 2126541782L, -1990629295L, 1529096963L, 
1837197970L, -1586890716L, 1508411111L, -1639417027L, -1200266316L, 
389099546L, 1815925605L, -1311511041L, -611884922L, -169563120L, 
-420163917L, -988439215L, 185218304L, -1125621794L, -957227991L, 
269925339L, -1758740246L, 167399052L, 366940623L, -1327094395L, 
-1586725316L, -427551982L, 1269215245L, 1640411975L, -179926738L, 
-1137418104L, 1772774795L, 608451945L, 1320480568L, 15438310L, 
1784759681L, 1673156883L, -283781438L, 899600756L, -577476233L, 
210999917L, 496047364L, -419618248L, 668621210L, 694958544L, 
-1025677892L, -1560127340L, 1936848002L, 1833444800L, 1089014588L, 
2096262288L, 1028201250L, -416418296L, 1780884748L, 1997272476L, 
574238226L, -850134144L, -1170058476L, -1725779672L, -440826822L, 
85437392L, 1740298860L, 1909985844L, 331045522L, -1028725408L, 
1467521356L, -608131104L, -816646750L, -884542040L, 1320474252L, 
-960250436L, 993087090L, -1888685072L, -901992892L, 743256152L, 
-1946044358L, -1961058192L, 1442109500L, 346857748L, 1204806338L, 
503473888L, 1714321532L, -1425983792L, 200178082L, 1361815592L, 
1480264460L, 755780028L, -1965173966L, 841874112L, -376460236L, 
1929260744L, -534399814L, -10660208L, -1427939604L, -967964076L, 
-1081265518L, -1143473888L, -2010316340L, 2066178784L, -1009061694L, 
-1262228440L, 1439750060L, 909466300L, -463762446L, 1554806320L, 
739491748L, 774327736L, -35272870L, 1442451600L, -669107332L, 
431333652L, 1919203650L, -464600832L, 349916604L, -1084989104L, 
1730353442L, -1552950712L, 528101388L, 213374556L, 736659922L, 
1509619200L, -661719724L, 790506728L, -779140870L, -542972208L, 
1133579052L, 277778676L, -577644142L, -1709933216L, -1896150004L, 
-1510277920L, 248947298L, 239060136L, 681491532L, -1512859780L, 
1203657010L, -852176272L, -137850044L, 1973302232L, 2067678074L, 
1813858352L, -69308484L, -1214717356L, -419573694L, -1437307232L, 
-1953848644L, -1229698096L, 1046928738L, -1715069208L, -1257128756L, 
815813116L, 1472953842L, -698956672L, -12924428L, -186377592L, 
688458554L, 1924320592L, -836277140L, -982817388L, 1209778258L, 
-976388640L, -112020276L, 768253600L, 858722690L, -1870939928L, 
-401163540L, -574069444L, 1919586418L, 1595495024L, 1946274340L, 
-248915912L, -728930022L, -1700592432L, -135542468L, 1214915476L, 
177616770L, 865487808L, -79280580L, -26582640L, -566454238L, 
-1160174328L, -1728833396L, 1105399580L, 881931410L, -2047568512L, 
-68988908L, 2123437864L, -1919982022L, 1930605008L, -1920599700L, 
-1785826380L, 2045168146L, 953346016L, 961178060L, -629131040L, 
-1786311646L, -1897983192L, 465738252L, -439352516L, -373268494L, 
1617015536L, -1640097212L, -1534464424L, -116222150L, 201568240L, 
808739516L, -1534520044L, -1773265726L, -1739133856L, 1956590972L, 
286740432L, 1688592674L, -409233752L, 1050146700L, 2105996476L, 
1659374386L, 498468416L, 462296244L, 914474056L, 844121530L, 
-481973744L, 1212742892L, -458456748L, 2045506322L, 1990593952L, 
-568657204L, 1371322976L, -1818828862L, -1539132632L, 2144721324L, 
1915383100L, 31013746L, -1301988048L, -610416860L, -618052296L, 
-262084902L, 84934544L, 1065581308L, -632435820L, -336108478L, 
1366439168L, -1179969476L, 1675230544L, -236637022L, -716248248L, 
-1803444468L, 1672838876L, 1746374482L, 1393063552L, 1484478548L, 
-440933400L, -124609798L, 181470544L, -2078560468L, -2145852556L, 
141357970L, 792429152L, -2023000180L, -2030667936L, 343094242L, 
-1578964056L, 229014732L, -84542980L, 1216776114L, 1672484336L, 
724088260L, 2068269400L, 378297722L, -885244496L, -298245714L, 
-2107009957L, 1307575357L, 637160106L, -1274284216L, -1963803791L, 
108346595L, -1967696924L, 1922417426L, -667775257L, -1055098703L, 
-1685505290L, 911891732L, -1488436699L, -1513042129L, 740815080L, 
-296349242L, 1238351987L, 2025564885L, -1585612622L, 1063578752L, 
-297209751L, -182276901L, -1432313812L, -1065607110L, 1189256943L, 
-1450823303L, -1265541618L, -374087716L, -1234937779L, -1204520009L, 
1243850048L, 1680483358L, 1607582443L, -252204435L, -131335462L, 
1105863320L, -9035519L, 789333683L, -1620979244L, -441401118L, 
-690849417L, 1778886849L, -570280890L, 597449604L, 525733173L, 
311737119L, 1846939256L, 407827286L, 1907194339L, -308834395L, 
1095192130L, -1096960976L, 639305817L, -1378097717L, 859022908L, 
959060074L, 341598879L, -1227411671L, -145730626L, 2109432492L, 
1285066749L, 1907529543L, -507537360L, 1423978830L, 1424030075L, 
1877409501L, 1854355210L, 1665633832L, -2063739247L, -1151238525L, 
-1465188476L, -1767836238L, -412673273L, -1189916335L, -711579434L, 
2115995060L, -1038761531L, 1922568463L, 1803259784L, 899571366L, 
2020642387L, -642764875L, -2144084718L, 2013382368L, 1554225993L, 
-1919486597L, 1803083852L, -1911146022L, -536218673L, 33234329L, 
-1991481938L, -492277060L, -1340648659L, -2054553385L, 1793591584L, 
2089750142L, -1029490613L, 320905805L, 1361887354L, -2040508232L, 
668738145L, -1640392685L, 449492532L, -2140159934L, -132562857L, 
-194432095L, 197522534L, 765869156L, -242370667L, -1097146177L, 
196952152L, -1880406922L, -2111943549L, 138222789L, 323729890L, 
-2018467760L, -1444994695L, -1468598613L, 282484252L, 1993144650L, 
-1250576065L, -936984695L, 1914822558L, -1335030196L, -1271293923L, 
1654458791L, -1166603056L, -1017541010L, 1663588635L, -335873411L, 
995082346L, 304885000L, -1259529807L, 637701667L, 2120157988L, 
-596067374L, 524552231L, -560545167L, 197798070L, 1928679508L, 
-963546907L, -1699451665L, 801800232L, 1746449542L, 967982771L, 
